Datasets  CC      Datasets  CC     Datasets  CC     Datasets  CC
   01  0.939055     02  0.887038     03  0.749303     04  0.612952      
   05  0.552329     06  0.433699     07  0.340906     08  0.287609      
   09  0.324875     10  0.432781     11  0.527679     12  0.639159      
   13  0.744845     14  0.859163     15  0.967221     16  0.071921      
   17  0.896847     18  0.87365      19  0.727012     20  0.99222      
   21  0.529308     22  0.406748     23  0.335255     24  0.27105      
   25  0.345294     26  0.436053     27  0.528535     28  0.629183      
   29  0.730712     30  0.652491     31  0.435728     32  0.320668      
 
Finding the largest five:
Datasets    Correlation  coefficient
20          0.99222
15          0.967221
01          0.939055
17          0.896847
02          0.887038
